10
34
5
5
5
6
1
7
4
15
18
711
755
1889
158
18858
187
1745
17558
1255
8823
761
6761
75812
769463
7645
72557
7227
7272
465
7691
9163
951
735
468
752
31587
6199
725
369
7214573
12857
115 
1258
22584
22887
2258
2665
4224
7557
151524
72545
736165
75554
72554
72545
78816
79815
769163
736158
75581
735518
735518
733618
73581
73581
73581
73518
73158
736518
37881
6979
43357
55785
763661
7335
72254
72254
725251
72554
736391
732581
73581
735813
7581
755851
75581
75581
752581
2584
73681
255784
75584
72584
725854
11514
11752
221871
18447
742128
